0 2916 grenfell_gridstat_after id
0 108     0.000539910178
0 55     0.000500893809
0 54     0.000270219822
0 1      0.00043201459
1 56     0.000500893029
1 2     0.000432018082
1 55     0.000269957516
1 0      0.00043201459
2 57     0.000500745613
2 1     0.000432018082
2 56     0.000269828231
2 3     0.000432006992
3 58     0.000500890485
3 4     0.000432014047
3 2     0.000432006992
3 57     0.000269956414
4 59     0.000500890177
4 3     0.000432014047
4 5     0.000432010224
4 58      0.00026995611
5 60     0.000500889589
5 6      0.00043201738
5 59     0.000270086531
5 4     0.000432010224
6 61     0.000500742822
6 5      0.00043201738
6 60     0.000269826859
6 7     0.000432013486
7 62     0.000500668035
7 8     0.000432013351
7 6     0.000432013486
7 61     0.000269698606
8 63     0.000500740442
8 7     0.000432013351
8 62      0.00026956552
8 9     0.000432002314
9 64     0.000500960077
9 10     0.000432016674
9 63     0.000270086982
9 8     0.000432002314
10 65     0.000500811718
10 9     0.000432016674
10 64     0.000269957023
10 11     0.000432016436
11 66     0.000500739079
11 10     0.000432016436
11 65     0.000269696917
11 12     0.000432001782
12 67     0.000500884052
12 13     0.000432012462
12 11     0.000432001782
12 66     0.000270088349
13 68     0.000500881777
13 12     0.000432012462
13 67     0.000269955738
13 14       0.0004320123
14 69     0.000500954454
14 13       0.0004320123
14 68     0.000269952107
14 15     0.000432004769
15 70     0.000500881751
15 16     0.000432015555
15 14     0.000432004769
15 69      0.00027034651
16 71     0.000500881827
16 15     0.000432015555
16 17     0.000432008091
16 70     0.000269827632
17 72     0.000500880344
17 18      0.00043201149
17 71     0.000270087329
17 16     0.000432008091
18 73     0.000500807088
18 17      0.00043201149
18 72      0.00026995864
18 19      0.00043200772
19 74     0.000500804379
19 18      0.00043200772
19 73     0.000269957843
19 20     0.000432007541
20 75     0.000500950929
20 19     0.000432007541
20 21      0.00043200735
20 74     0.000269954193
21 76     0.000500949845
21 22     0.000432010806
21 75     0.000270216446
21 20      0.00043200735
22 77     0.000500876576
22 21     0.000432010806
22 76     0.000270086113
22 23     0.000432010652
23 78     0.000500948101
23 24     0.000432010466
23 22     0.000432010652
23 77     0.000269956196
24 79     0.000500800667
24 23     0.000432010466
24 78     0.000270085031
24 25     0.000432002993
25 80     0.000500873609
25 24     0.000432002993
25 26     0.000432013767
25 79     0.000270086176
26 81     0.000500726234
26 25     0.000432013767
26 80      0.00026982615
26 27     0.000432006266
27 82     0.000500871708
27 26     0.000432006266
27 81     0.000269825531
27 28     0.000432006102
28 83     0.000500796918
28 29     0.000432013306
28 27     0.000432006102
28 82     0.000270084555
29 84     0.000500721756
29 28     0.000432013306
29 83     0.000269691233
29 30     0.000431998488
30 85     0.000500869228
30 31     0.000432012872
30 29     0.000431998488
30 84     0.000270084506
31 86     0.000500868866
31 32     0.000432005368
31 30     0.000432012872
31 85     0.000269824738
32 87      0.00050079398
32 31     0.000432005368
32 33     0.000432001549
32 86     0.000270085465
33 88     0.000500940926
33 34     0.000432012356
33 87     0.000270085521
33 32     0.000432001549
34 89     0.000500719194
34 33     0.000432012356
34 88     0.000269955287
34 35     0.000432001183
35 90     0.000500865874
35 36     0.000432011991
35 34     0.000432001183
35 89     0.000269955403
36 91     0.000500718024
36 35     0.000432011991
36 37     0.000432004434
36 90     0.000269824773
37 92     0.000500643525
37 38      0.00043200797
37 91      0.00026982562
37 36     0.000432004434
38 93     0.000500789285
38 37      0.00043200797
38 92     0.000269561894
38 39     0.000432000465
39 94      0.00050086211
39 40      0.00043200393
39 38     0.000432000465
39 93     0.000270085075
40 95     0.000500860672
40 39      0.00043200393
40 94     0.000270084318
40 41     0.000432003737
41 96     0.000500787523
41 40     0.000432003737
41 42      0.00043200721
41 95     0.000270083462
42 97     0.000500786735
42 41      0.00043200721
42 43     0.000432003371
42 96     0.000269824528
43 98     0.000500858786
43 44     0.000432006838
43 42     0.000432003371
43 97     0.000269954949
44 99       0.0005007116
44 43     0.000432006838
44 45     0.000431999391
44 98     0.000269954151
45 100     0.000500931205
45 44     0.000431999391
45 46     0.000432006475
45 99      0.00026995506
46 101     0.000500709851
46 45     0.000432006475
46 47     0.000432002642
46 100     0.000270085341
47 102     0.000500856382
47 48     0.000432002454
47 46     0.000432002642
47 101     0.000269824369
48 103     0.000500709007
48 49     0.000432005963
48 47     0.000432002454
48 102     0.000270085967
49 104     0.000500780792
49 48     0.000432005963
49 50     0.000431991382
49 103     0.000269693559
50 105     0.000501000207
50 51     0.000432013023
50 49     0.000431991382
50 104     0.000270345941
51 106     0.000500778861
51 50     0.000432013023
51 52     0.000431998105
51 105      0.00026995242
52 107     0.000500778772
52 53     0.000432008935
52 106     0.000270084882
52 51     0.000431998105
53 161     0.000539641027
53 106     0.000517833888
53 52     0.000432008935
53 107     0.000269692176
54 109     0.000500668226
54 55     0.000432004731
54 0     0.000270219822
54 108     0.000269690357
55 56     0.000432011867
55 54     0.000432004731
55 1     0.000269957516
55 109     0.000269822659
56 55     0.000432011867
56 57     0.000432008008
56 2     0.000269828231
56 110     0.000269823246
57 58     0.000432011491
57 3     0.000269956414
57 56     0.000432008008
57 111      0.00026995311
58 57     0.000432011491
58 4      0.00026995611
58 59     0.000432011339
58 112     0.000269954569
59 58     0.000432011339
59 60     0.000432007512
59 113     0.000269822949
59 5     0.000270086531
60 59     0.000432007512
60 61     0.000432007341
60 114     0.000269951724
60 6     0.000269826859
61 60     0.000432007341
61 62      0.00043200708
61 115     0.000270080816
61 7     0.000269698606
62 63     0.000432014307
62 61      0.00043200708
62 8      0.00026956552
62 116     0.000270214246
63 62     0.000432014307
63 64     0.000432010441
63 117     0.000269822944
63 9     0.000270086982
64 63     0.000432010441
64 10     0.000269957023
64 65     0.000432006564
64 118     0.000269691087
65 66     0.000432010097
65 64     0.000432006564
65 11     0.000269696917
65 119     0.000269954228
66 65     0.000432010097
66 67     0.000432006188
66 120     0.000269951825
66 12     0.000270088349
67 68     0.000432009665
67 121     0.000270083551
67 66     0.000432006188
67 13     0.000269955738
68 69     0.000432013274
68 67     0.000432009665
68 122     0.000269824677
68 14     0.000269952107
69 68     0.000432013274
69 70      0.00043199853
69 123      0.00026969274
69 15      0.00027034651
70 71     0.000432012873
70 69      0.00043199853
70 16     0.000269827632
70 124     0.000270082603
71 70     0.000432012873
71 72     0.000432005329
71 125     0.000269820935
71 17     0.000270087329
72 71     0.000432005329
72 18      0.00026995864
72 73     0.000432005155
72 126     0.000269949829
73 72     0.000432005155
73 74     0.000432004901
73 19     0.000269957843
73 127     0.000270082248
74 75     0.000432012187
74 128     0.000269954691
74 73     0.000432004901
74 20     0.000269954193
75 74     0.000432012187
75 21     0.000270216446
75 76     0.000432004605
75 129     0.000269952584
76 75     0.000432004605
76 77     0.000432004468
76 130     0.000269954976
76 22     0.000270086113
77 78     0.000432011563
77 23     0.000269956196
77 76     0.000432004468
77 131     0.000269952971
78 77     0.000432011563
78 24     0.000270085031
78 79     0.000432000479
78 132      0.00026982248
79 80     0.000432003898
79 78     0.000432000479
79 133     0.000269821664
79 25     0.000270086176
80 79     0.000432003898
80 81     0.000432003707
80 26      0.00026982615
80 134     0.000270083835
81 82     0.000432010856
81 80     0.000432003707
81 27     0.000269825531
81 135     0.000270082998
82 81     0.000432010856
82 83     0.000431999734
82 136     0.000269692432
82 28     0.000270084555
83 84     0.000432006836
83 137     0.000269952801
83 82     0.000431999734
83 29     0.000269691233
84 83     0.000432006836
84 30     0.000270084506
84 85     0.000432003016
84 138     0.000269821579
85 86     0.000432010164
85 84     0.000432003016
85 139       0.0002700827
85 31     0.000269824738
86 85     0.000432010164
86 87     0.000431999001
86 140     0.000269822379
86 32     0.000270085465
87 88     0.000432006123
87 86     0.000431999001
87 141     0.000269951849
87 33     0.000270085521
88 87     0.000432006123
88 89     0.000431998638
88 142     0.000269690838
88 34     0.000269955287
89 90     0.000432005752
89 88     0.000431998638
89 35     0.000269955403
89 143      0.00027008373
90 89     0.000432005752
90 91     0.000432001914
90 36     0.000269824773
90 144     0.000269952865
91 90     0.000432001914
91 92     0.000431998081
91 145     0.000269952266
91 37      0.00026982562
92 93     0.000432012653
92 146     0.000270212616
92 91     0.000431998081
92 38     0.000269561894
93 92     0.000432012653
93 94     0.000432001356
93 147     0.000269820742
93 39     0.000270085075
94 93     0.000432001356
94 95     0.000432001172
94 148     0.000269821451
94 40     0.000270084318
95 94     0.000432001172
95 41     0.000270083462
95 96     0.000431997453
95 149     0.000269822219
96 97     0.000432004477
96 95     0.000431997453
96 42     0.000269824528
96 150      0.00026994856
97 96     0.000432004477
97 43     0.000269954949
97 98     0.000432004271
97 151     0.000269818606
98 97     0.000432004271
98 44     0.000269954151
98 99     0.000431996867
98 152     0.000269690298
99 100     0.000432007616
99 98     0.000431996867
99 45      0.00026995506
99 153     0.000269948626
100 99     0.000432007616
100 46     0.000270085341
100 101     0.000431992908
100 154     0.000269688406
101 102     0.000432007264
101 100     0.000431992908
101 47     0.000269824369
101 155     0.000270082686
102 101     0.000432007264
102 103     0.000431992566
102 48     0.000270085967
102 156     0.000269820624
103 104     0.000432006882
103 157     0.000270082084
103 102     0.000431992566
103 49     0.000269693559
104 103     0.000432006882
104 50     0.000270345941
104 105     0.000431999347
104 158     0.000269820696
105 104     0.000431999347
105 106     0.000431999225
105 51      0.00026995242
105 159     0.000269952165
106 105     0.000431999225
106 107     0.000431995411
106 52     0.000270084882
106 160     0.000269819341
107 52     0.000500778772
107 161     0.000269948851
107 106     0.000431995411
107 53     0.000269692176
108 163     0.000500887914
108 109     0.000432005852
108 54     0.000269690357
108 162     0.000269693851
109 110     0.000432009339
109 108     0.000432005852
109 55     0.000269822659
109 163     0.000270084065
110 109     0.000432009339
110 111     0.000432009109
110 56     0.000269823246
110 164     0.000269822221
111 110     0.000432009109
111 112     0.000432008983
111 57      0.00026995311
111 165     0.000269954737
112 111     0.000432008983
112 58     0.000269954569
112 113     0.000432005103
112 166     0.000269953482
113 114     0.000432008581
113 112     0.000432005103
113 167     0.000269954408
113 59     0.000269822949
114 113     0.000432008581
114 115     0.000432008418
114 168     0.000269953391
114 60     0.000269951724
115 114     0.000432008418
115 116     0.000432008262
115 169     0.000269823001
115 61     0.000270080816
116 115     0.000432008262
116 117     0.000432000794
116 170     0.000270082334
116 62     0.000270214246
117 118     0.000432004204
117 116     0.000432000794
117 63     0.000269822944
117 171     0.000270081696
118 119     0.000432011427
118 117     0.000432004204
118 64     0.000269691087
118 172     0.000270083197
119 118     0.000432011427
119 120      0.00043200748
119 65     0.000269954228
119 173     0.000269951398
120 119      0.00043200748
120 174     0.000269954521
120 121     0.000432007348
120 66     0.000269951825
121 120     0.000432007348
121 122     0.000431999892
121 175     0.000269694145
121 67     0.000270083551
122 123     0.000432006996
122 176     0.000269953936
122 121     0.000431999892
122 68     0.000269824677
123 122     0.000432006996
123 124     0.000432006807
123 69      0.00026969274
123 177     0.000269952761
124 123     0.000432006807
124 125     0.000432002941
124 178     0.000269821461
124 70     0.000270082603
125 126     0.000432006404
125 124     0.000432002941
125 179     0.000269822089
125 71     0.000269820935
126 125     0.000432006404
126 127     0.000432006316
126 180     0.000269955219
126 72     0.000269949829
127 126     0.000432006316
127 128     0.000431998818
127 181     0.000269692645
127 73     0.000270082248
128 129     0.000432009582
128 182     0.000270213065
128 127     0.000431998818
128 74     0.000269954691
129 128     0.000432009582
129 130     0.000432002123
129 183     0.000269821253
129 75     0.000269952584
130 129     0.000432002123
130 131     0.000432001867
130 184     0.000269688865
130 76     0.000269954976
131 132     0.000432005327
131 130     0.000432001867
131 185      0.00026981958
131 77     0.000269952971
132 131     0.000432005327
132 133     0.000431997909
132 78      0.00026982248
132 186     0.000269952373
133 134     0.000432008733
133 132     0.000431997909
133 79     0.000269821664
133 187     0.000270082535
134 133     0.000432008733
134 135     0.000432001135
134 80     0.000270083835
134 188     0.000269949312
135 134     0.000432001135
135 136     0.000431997373
135 81     0.000270082998
135 189      0.00026995204
136 137     0.000432004448
136 190     0.000270082618
136 135     0.000431997373
136 82     0.000269692432
137 136     0.000432004448
137 138     0.000432000616
137 83     0.000269952801
137 191     0.000270082711
138 139     0.000432007818
138 192     0.000270082548
138 137     0.000432000616
138 84     0.000269821579
139 138     0.000432007818
139 140     0.000432000294
139 85       0.0002700827
139 193     0.000269820765
140 139     0.000432000294
140 141     0.000432000041
140 86     0.000269822379
140 194     0.000269686417
141 140     0.000432000041
141 87     0.000269951849
141 142     0.000431996307
141 195     0.000269950327
142 143     0.000432007096
142 141     0.000431996307
142 88     0.000269690838
142 196     0.000270080865
143 142     0.000432007096
143 144     0.000431999541
143 89      0.00027008373
143 197     0.000269818567
144 143     0.000431999541
144 145     0.000431999349
144 90     0.000269952865
144 198     0.000269817276
145 146     0.000432002781
145 91     0.000269952266
145 144     0.000431999349
145 199     0.000269950051
146 145     0.000432002781
146 147     0.000431999016
146 92     0.000270212616
146 200     0.000269951985
147 146     0.000431999016
147 148     0.000431998841
147 93     0.000269820742
147 201     0.000269819202
148 147     0.000431998841
148 94     0.000269821451
148 149     0.000431998643
148 202     0.000269819555
149 148     0.000431998643
149 150     0.000431998402
149 95     0.000269822219
149 203     0.000270080713
150 149     0.000431998402
150 151     0.000431998301
150 96      0.00026994856
150 204     0.000270082708
151 150     0.000431998301
151 205     0.000269951054
151 152     0.000431998126
151 97     0.000269818606
152 153     0.000432001516
152 151     0.000431998126
152 206     0.000270341862
152 98     0.000269690298
153 152     0.000432001516
153 207      0.00026995251
153 154     0.000431997754
153 99     0.000269948626
154 155      0.00043200127
154 153     0.000431997754
154 208     0.000270082652
154 100     0.000269688406
155 154      0.00043200127
155 156     0.000431997356
155 209      0.00026981784
155 101     0.000270082686
156 155     0.000431997356
156 157     0.000431997211
156 210     0.000269819085
156 102     0.000269820624
157 156     0.000431997211
157 103     0.000270082084
157 158     0.000431996991
157 211     0.000270077984
158 159     0.000432000481
158 157     0.000431996991
158 212      0.00026994843
158 104     0.000269820696
159 158     0.000432000481
159 160     0.000431993003
159 213     0.000269819666
159 105     0.000269952165
160 161      0.00043199645
160 214     0.000269821288
160 159     0.000431993003
160 106     0.000269819341
161 106     0.000500700221
161 160      0.00043199645
161 215     0.000270213106
161 107     0.000269948851
162 217     0.000501031438
162 163      0.00043201438
162 108     0.000269693851
162 216     0.000270343811
163 162      0.00043201438
163 109     0.000270084065
163 164     0.000431999486
163 217     0.000269952079
164 165     0.000432010318
164 163     0.000431999486
164 110     0.000269822221
164 218     0.000270082814
165 164     0.000432010318
165 166     0.000432006401
165 111     0.000269954737
165 219     0.000270082607
166 165     0.000432006401
166 112     0.000269953482
166 167     0.000432002579
166 220     0.000269951445
167 168     0.000432006007
167 166     0.000432002579
167 113     0.000269954408
167 221      0.00026995031
168 167     0.000432006007
168 169     0.000432002215
168 114     0.000269953391
168 222     0.000269822219
169 170     0.000432013121
169 223      0.00026995313
169 168     0.000432002215
169 115     0.000269823001
170 169     0.000432013121
170 171     0.000431998227
170 116     0.000270082334
170 224     0.000269693269
171 172      0.00043200169
171 117     0.000270081696
171 170     0.000431998227
171 225     0.000269953969
172 173     0.000432005153
172 171      0.00043200169
172 118     0.000270083197
172 226     0.000269952696
173 172     0.000432005153
173 174     0.000432005021
173 119     0.000269951398
173 227     0.000270083586
174 173     0.000432005021
174 120     0.000269954521
174 175     0.000431997537
174 228     0.000269688333
175 176     0.000432004598
175 174     0.000431997537
175 121     0.000269694145
175 229     0.000270078584
176 175     0.000432004598
176 177     0.000432004409
176 122     0.000269953936
176 230     0.000270078974
177 176     0.000432004409
177 178     0.000432000574
177 123     0.000269952761
177 231     0.000269819827
178 177     0.000432000574
178 232     0.000270082547
178 179     0.000432000426
178 124     0.000269821461
179 180     0.000432007623
179 178     0.000432000426
179 125     0.000269822089
179 233     0.000270211261
180 179     0.000432007623
180 181      0.00043199645
180 126     0.000269955219
180 234     0.000269688616
181 182     0.000432010939
181 235     0.000270079401
181 180      0.00043199645
181 127     0.000269692645
182 181     0.000432010939
182 183     0.000431996058
182 128     0.000270213065
182 236     0.000269821163
183 182     0.000431996058
183 184     0.000431995913
183 129     0.000269821253
183 237     0.000269821239
184 185     0.000432002986
184 238     0.000270080573
184 183     0.000431995913
184 130     0.000269688865
185 186     0.000432006534
185 184     0.000432002986
185 131      0.00026981958
185 239     0.000270211544
186 185     0.000432006534
186 187     0.000431998976
186 240     0.000269948137
186 132     0.000269952373
187 188     0.000432002419
187 133     0.000270082535
187 186     0.000431998976
187 241      0.00026981886
188 187     0.000432002419
188 189     0.000431998664
188 242     0.000269820954
188 134     0.000269949312
189 188     0.000431998664
189 190     0.000431998442
189 243     0.000269819523
189 135      0.00026995204
190 191     0.000432001902
190 136     0.000270082618
190 189     0.000431998442
190 244     0.000269948256
191 190     0.000432001902
191 192     0.000431998062
191 245     0.000269948289
191 137     0.000270082711
192 191     0.000431998062
192 193     0.000431997902
192 246     0.000269687541
192 138     0.000270082548
193 192     0.000431997902
193 194     0.000431994029
193 247     0.000270078503
193 139     0.000269820765
194 195     0.000432004924
194 248     0.000270214369
194 193     0.000431994029
194 140     0.000269686417
195 194     0.000432004924
195 196     0.000431997374
195 249     0.000270082771
195 141     0.000269950327
196 195     0.000431997374
196 142     0.000270080865
196 197     0.000431997173
196 250     0.000269818874
197 196     0.000431997173
197 198     0.000431996955
197 251     0.000269950677
197 143     0.000269818567
198 199     0.000432000523
198 252     0.000270213239
198 197     0.000431996955
198 144     0.000269817276
199 198     0.000432000523
199 145     0.000269950051
199 200       0.0004320003
199 253      0.00026981886
200 199       0.0004320003
200 201     0.000431992792
200 254     0.000269819607
200 146     0.000269951985
201 202     0.000431996293
201 255     0.000270082903
201 200     0.000431992792
201 147     0.000269819202
202 203     0.000432003449
202 201     0.000431996293
202 148     0.000269819555
202 256     0.000269951249
203 202     0.000432003449
203 204     0.000431995917
203 257      0.00026968939
203 149     0.000270080713
204 203     0.000431995917
204 150     0.000270082708
204 205     0.000431992107
204 258     0.000269949574
205 206     0.000432006639
205 204     0.000431992107
205 151     0.000269951054
205 259     0.000269949254
206 205     0.000432006639
206 207     0.000431988192
206 152     0.000270341862
206 260     0.000269688761
207 208     0.000431998843
207 153      0.00026995251
207 206     0.000431988192
207 261     0.000269818289
208 207     0.000431998843
208 154     0.000270082652
208 209     0.000431991369
208 262     0.000269947992
209 210     0.000431994834
209 208     0.000431991369
209 155      0.00026981784
209 263     0.000269948723
210 211     0.000432001954
210 264     0.000269948461
210 209     0.000431994834
210 156     0.000269819085
211 210     0.000432001954
211 157     0.000270077984
211 212     0.000431990853
211 265     0.000269689257
212 213     0.000431994338
212 211     0.000431990853
212 266     0.000270080061
212 158      0.00026994843
213 212     0.000431994338
213 214     0.000431990498
213 267      0.00026981672
213 159     0.000269819666
214 215     0.000432004982
214 268     0.000270076232
214 213     0.000431990498
214 160     0.000269821288
215 160     0.000500919989
215 214     0.000432004982
215 269     0.000269818493
215 161     0.000270213106
216 271     0.000500733937
216 217     0.000432000716
216 270     0.000269687147
216 162     0.000270343811
217 216     0.000432000716
217 163     0.000269952079
217 218     0.000432000566
217 271     0.000269819166
218 219     0.000432007767
218 217     0.000432000566
218 272      0.00026994964
218 164     0.000270082814
219 218     0.000432007767
219 220     0.000432000179
219 273     0.000269818359
219 165     0.000270082607
220 219     0.000432000179
220 166     0.000269951445
220 221     0.000432000011
220 274     0.000269687597
221 220     0.000432000011
221 222     0.000431999861
221 275     0.000269950393
221 167      0.00026995031
222 223     0.000432003345
222 276     0.000270210754
222 221     0.000431999861
222 168     0.000269822219
223 222     0.000432003345
223 224     0.000432003157
223 277     0.000269948519
223 169      0.00026995313
224 223     0.000432003157
224 225     0.000432002956
224 278     0.000269817378
224 170     0.000269693269
225 224     0.000432002956
225 226     0.000431999117
225 279     0.000269816797
225 171     0.000269953969
226 227     0.000432006313
226 225     0.000431999117
226 280     0.000269946757
226 172     0.000269952696
227 226     0.000432006313
227 228     0.000431991518
227 281     0.000269815873
227 173     0.000270083586
228 229     0.000432005933
228 282      0.00027021036
228 227     0.000431991518
228 174     0.000269688333
229 228     0.000432005933
229 175     0.000270078584
229 230     0.000432002059
229 283     0.000269819368
230 229     0.000432002059
230 231     0.000431994644
230 284     0.000269950435
230 176     0.000270078974
231 232     0.000432005434
231 285     0.000270080218
231 230     0.000431994644
231 177     0.000269819827
232 231     0.000432005434
232 178     0.000270082547
232 233     0.000432001481
232 286     0.000269947928
233 232     0.000432001481
233 234     0.000431990505
233 287     0.000269819878
233 179     0.000270211261
234 235     0.000432004863
234 288     0.000270340151
234 233     0.000431990505
234 180     0.000269688616
235 234     0.000432004863
235 181     0.000270079401
235 236     0.000432001033
235 289     0.000270079362
236 235     0.000432001033
236 237     0.000431993518
236 290     0.000269685322
236 182     0.000269821163
237 238     0.000432000589
237 291      0.00027007846
237 236     0.000431993518
237 183     0.000269821239
238 239     0.000432004147
238 184     0.000270080573
238 237     0.000432000589
238 292     0.000269949341
239 238     0.000432004147
239 240      0.00043199658
239 293     0.000269687622
239 185     0.000270211544
240 239      0.00043199658
240 186     0.000269948137
240 241     0.000431992842
240 294     0.000269820414
241 242     0.000431999925
241 295     0.000270079191
241 240     0.000431992842
241 187      0.00026981886
242 241     0.000431999925
242 243     0.000431996082
242 188     0.000269820954
242 296     0.000269815928
243 244     0.000431999506
243 297     0.000270077872
243 242     0.000431996082
243 189     0.000269819523
244 243     0.000431999506
244 298     0.000269949011
244 245      0.00043199936
244 190     0.000269948256
245 244      0.00043199936
245 246     0.000431988334
245 299     0.000269818427
245 191     0.000269948289
246 247     0.000432006427
246 300     0.000269949756
246 245     0.000431988334
246 192     0.000269687541
247 246     0.000432006427
247 248      0.00043199524
247 301     0.000269950045
247 193     0.000270078503
248 249     0.000431998655
248 247      0.00043199524
248 302     0.000269684545
248 194     0.000270214369
249 248     0.000431998655
249 250     0.000431987563
249 195     0.000270082771
249 303     0.000269815039
250 251      0.00043199831
250 249     0.000431987563
250 196     0.000269818874
250 304     0.000269946784
251 252     0.000432001803
251 250      0.00043199831
251 197     0.000269950677
251 305     0.000270077198
252 251     0.000432001803
252 253     0.000431987051
252 198     0.000270213239
252 306     0.000269684625
253 254     0.000431997772
253 307     0.000270208818
253 252     0.000431987051
253 199      0.00026981886
254 253     0.000431997772
254 255     0.000431997575
254 308     0.000269816899
254 200     0.000269819607
255 254     0.000431997575
255 256      0.00043199011
255 309      0.00027007597
255 201     0.000270082903
256 257     0.000431993536
256 310     0.000270205951
256 255      0.00043199011
256 202     0.000269951249
257 258     0.000432000691
257 256     0.000431993536
257 203      0.00026968939
257 311     0.000270074913
258 257     0.000432000691
258 259     0.000431989553
258 312     0.000269815017
258 204     0.000269949574
259 260     0.000431996686
259 258     0.000431989553
259 205     0.000269949254
259 313     0.000270077974
260 259     0.000431996686
260 261     0.000431989194
260 206     0.000269688761
260 314     0.000269814633
261 262     0.000431999969
261 315     0.000270336389
261 260     0.000431989194
261 207     0.000269818289
262 261     0.000431999969
262 208     0.000269947992
262 263     0.000431988833
262 316     0.000269814208
263 264      0.00043199229
263 262     0.000431988833
263 209     0.000269948723
263 317     0.000269947893
264 263      0.00043199229
264 265     0.000431992112
264 318     0.000270076942
264 210     0.000269948461
265 266     0.000431999251
265 319     0.000270076383
265 264     0.000431992112
265 211     0.000269689257
266 265     0.000431999251
266 267     0.000431984537
266 320      0.00026981536
266 212     0.000270080061
267 268     0.000431995177
267 321     0.000269946095
267 266     0.000431984537
267 213      0.00026981672
268 267     0.000431995177
268 322     0.000270079342
268 269     0.000431995105
268 214     0.000270076232
269 214     0.000500916443
269 268     0.000431995105
269 323     0.000269812892
269 215     0.000269818493
270 325     0.000500952684
270 271     0.000432001879
270 216     0.000269687147
270 324     0.000270078928
271 270     0.000432001879
271 325      0.00027007906
271 272     0.000432001681
271 217     0.000269819166
272 271     0.000432001681
272 273     0.000432001501
272 218      0.00026994964
272 326      0.00027007923
273 272     0.000432001501
273 274     0.000431994006
273 219     0.000269818359
273 327     0.000269948091
274 275     0.000432004867
274 328     0.000269948285
274 273     0.000431994006
274 220     0.000269687597
275 274     0.000432004867
275 276     0.000432004665
275 329     0.000269947444
275 221     0.000269950393
276 275     0.000432004665
276 277      0.00043199348
276 330     0.000269816997
276 222     0.000270210754
277 278     0.000431996939
277 276      0.00043199348
277 331     0.000269816042
277 223     0.000269948519
278 279     0.000432000396
278 277     0.000431996939
278 224     0.000269817378
278 332     0.000270208028
279 278     0.000432000396
279 280     0.000432000213
279 225     0.000269816797
279 333     0.000269818387
280 279     0.000432000213
280 334     0.000269950761
280 281      0.00043200006
280 226     0.000269946757
281 280      0.00043200006
281 282      0.00043199991
281 227     0.000269815873
281 335     0.000269947901
282 281      0.00043199991
282 228      0.00027021036
282 283     0.000431992426
282 336     0.000269686978
283 284     0.000432003226
283 282     0.000431992426
283 229     0.000269819368
283 337     0.000270079598
284 283     0.000432003226
284 285     0.000431995693
284 230     0.000269950435
284 338     0.000269817563
285 286     0.000431999143
285 231     0.000270080218
285 284     0.000431995693
285 339      0.00026981629
286 285     0.000431999143
286 232     0.000269947928
286 287     0.000431995344
286 340     0.000269685706
287 288     0.000432002469
287 286     0.000431995344
287 341     0.000269816219
287 233     0.000269819878
288 287     0.000432002469
288 289     0.000431994961
288 342     0.000269686803
288 234     0.000270340151
289 288     0.000431994961
289 235     0.000270079362
289 290     0.000431987566
289 343     0.000269555963
290 291     0.000432001986
290 289     0.000431987566
290 344     0.000270209085
290 236     0.000269685322
291 290     0.000432001986
291 292      0.00043199443
291 345     0.000269946892
291 237      0.00027007846
292 291      0.00043199443
292 238     0.000269949341
292 293     0.000431994233
292 346     0.000269945442
293 294     0.000431997746
293 292     0.000431994233
293 239     0.000269687622
293 347     0.000270076826
294 293     0.000431997746
294 295     0.000431997513
294 240     0.000269820414
294 348     0.000269815091
295 294     0.000431997513
295 296     0.000431990046
295 241     0.000270079191
295 349     0.000269687123
296 297     0.000432000916
296 295     0.000431990046
296 242     0.000269815928
296 350     0.000269947937
297 296     0.000432000916
297 298     0.000431993343
297 243     0.000270077872
297 351     0.000269816342
298 297     0.000431993343
298 244     0.000269949011
298 299     0.000431993157
298 352     0.000269947092
299 298     0.000431993157
299 300     0.000431989389
299 353     0.000269947028
299 245     0.000269818427
300 301     0.000432003888
300 354     0.000270208061
300 299     0.000431989389
300 246     0.000269949756
301 300     0.000432003888
301 302     0.000431985388
301 355      0.00026968513
301 247     0.000269950045
302 303     0.000431999798
302 301     0.000431985388
302 248     0.000269684545
302 356     0.000270078127
303 302     0.000431999798
303 304     0.000431988631
303 249     0.000269815039
303 357     0.000270077545
304 305     0.000431999453
304 303     0.000431988631
304 250     0.000269946784
304 358     0.000269948252
305 304     0.000431999453
305 306     0.000431988266
305 251     0.000270077198
305 359     0.000269815588
306 307     0.000431999107
306 360     0.000269948143
306 305     0.000431988266
306 252     0.000269684625
307 306     0.000431999107
307 253     0.000270208818
307 308     0.000431984369
307 361     0.000269814925
308 309     0.000432002401
308 307     0.000431984369
308 362     0.000270205823
308 254     0.000269816899
309 308     0.000432002401
309 310     0.000431991162
309 363     0.000269554396
309 255      0.00027007597
310 309     0.000431991162
310 256     0.000270205951
310 311     0.000431987362
310 364     0.000269685325
311 312     0.000431990831
311 310     0.000431987362
311 365     0.000269947545
311 257     0.000270074913
312 313     0.000431994324
312 311     0.000431990831
312 258     0.000269815017
312 366     0.000270077642
313 312     0.000431994324
313 259     0.000270077974
313 314     0.000431986814
313 367     0.000269814601
314 315     0.000432001331
314 313     0.000431986814
314 260     0.000269814633
314 368     0.000269944264
315 314     0.000432001331
315 261     0.000270336389
315 316     0.000431982886
315 369     0.000269815779
316 317     0.000431989987
316 315     0.000431982886
316 262     0.000269814208
316 370     0.000269817521
317 318     0.000431993352
317 316     0.000431989987
317 263     0.000269947893
317 371     0.000270075601
318 317     0.000431993352
318 319     0.000431989552
318 372     0.000269944741
318 264     0.000270076942
319 318     0.000431989552
319 265     0.000270076383
319 320     0.000431989359
319 373     0.000269816022
320 319     0.000431989359
320 321     0.000431985574
320 374      0.00026994713
320 266      0.00026981536
321 322     0.000431996399
321 375     0.000269946692
321 320     0.000431985574
321 267     0.000269946095
322 321     0.000431996399
322 268     0.000270079342
322 323     0.000431985146
322 376     0.000269814366
323 268     0.000500766144
323 322     0.000431985146
323 377     0.000269815948
323 269     0.000269812892
324 379      0.00050087682
324 325     0.000431999332
324 270     0.000270078928
324 378     0.000269688387
325 324     0.000431999332
325 271      0.00027007906
325 326     0.000431999144
325 379      0.00026994777
326 325     0.000431999144
326 327     0.000431995272
326 272      0.00027007923
326 380      0.00026968556
327 326     0.000431995272
327 328     0.000431991465
327 273     0.000269948091
327 381     0.000269684663
328 329     0.000432002301
328 382      0.00027020859
328 327     0.000431991465
328 274     0.000269948285
329 328     0.000432002301
329 330     0.000431998419
329 383     0.000270079946
329 275     0.000269947444
330 329     0.000431998419
330 331     0.000431990913
330 384     0.000269816151
330 276     0.000269816997
331 332     0.000432005505
331 330     0.000431990913
331 277     0.000269816042
331 385     0.000269948665
332 331     0.000432005505
332 278     0.000270208028
332 333     0.000431987034
332 386     0.000269817168
333 334     0.000432001418
333 387     0.000270077168
333 332     0.000431987034
333 279     0.000269818387
334 333     0.000432001418
334 280     0.000269950761
334 335     0.000431997438
334 388     0.000269945692
335 334     0.000431997438
335 336     0.000431990088
335 281     0.000269947901
335 389     0.000269948736
336 337     0.000432000887
336 390     0.000270077288
336 335     0.000431990088
336 282     0.000269686978
337 336     0.000432000887
337 283     0.000270079598
337 338     0.000431993302
337 391     0.000269683234
338 337     0.000431993302
338 339      0.00043199311
338 284     0.000269817563
338 392     0.000269946006
339 338      0.00043199311
339 340     0.000431992937
339 285      0.00026981629
339 393     0.000270077349
340 341     0.000431996462
340 394     0.000269948213
340 339     0.000431992937
340 286     0.000269685706
341 340     0.000431996462
341 342     0.000431996254
341 395     0.000270205478
341 287     0.000269816219
342 341     0.000431996254
342 343     0.000431988794
342 396     0.000269813524
342 288     0.000269686803
343 344     0.000432003322
343 397     0.000270205547
343 342     0.000431988794
343 289     0.000269555963
344 343     0.000432003322
344 345     0.000431992053
344 398      0.00026981474
344 290     0.000270209085
345 344     0.000431992053
345 346     0.000431991843
345 399     0.000269944202
345 291     0.000269946892
346 347     0.000431995366
346 400     0.000269946613
346 345     0.000431991843
346 292     0.000269945442
347 346     0.000431995366
347 348     0.000431987906
347 401     0.000270076331
347 293     0.000270076826
348 349     0.000431991381
348 402      0.00027020728
348 347     0.000431987906
348 294     0.000269815091
349 350      0.00043199477
349 348     0.000431991381
349 295     0.000269687123
349 403     0.000270205374
350 349      0.00043199477
350 351     0.000431994645
350 296     0.000269947937
350 404     0.000270075623
351 350     0.000431994645
351 352     0.000431994469
351 297     0.000269816342
351 405     0.000269945378
352 351     0.000431994469
352 298     0.000269947092
352 353     0.000431990608
352 406     0.000269812538
353 354     0.000431994112
353 352     0.000431990608
353 407     0.000269814118
353 299     0.000269947028
354 353     0.000431994112
354 355     0.000431986619
354 408     0.000269811815
354 300     0.000270208061
355 356     0.000431993722
355 354     0.000431986619
355 409     0.000269943457
355 301      0.00026968513
356 357     0.000431997245
356 355     0.000431993722
356 410     0.000270074542
356 302     0.000270078127
357 356     0.000431997245
357 358     0.000431982536
357 303     0.000270077545
357 411     0.000269814572
358 359     0.000431993159
358 357     0.000431982536
358 304     0.000269948252
358 412     0.000269944274
359 358     0.000431993159
359 360      0.00043198939
359 305     0.000269815588
359 413     0.000269944526
360 361     0.000431992791
360 414     0.000270073215
360 359      0.00043198939
360 306     0.000269948143
361 360     0.000431992791
361 415     0.000269944139
361 362     0.000431992645
361 307     0.000269814925
362 361     0.000431992645
362 363     0.000431981626
362 416     0.000269552982
362 308     0.000270205823
363 364     0.000431992281
363 417     0.000270336177
363 362     0.000431981626
363 309     0.000269554396
364 363     0.000431992281
